94566533
28256655
34957597
54682468
59567983
66877995
64495327
88664432
63366478
99375359
42473997
53993322
78849584
58656694
26256294
69478738
78756676
88458929
69427678
24692578
76842875
96322442
54798287
46578392
29588497
95698272
37724737
82497455
48922538
55528882
77446798
92325334
95424978
38425347
94478699
24223698
33924989
68288698
68388544
73644876
73368684
55958636
28889333
93464734
43845227
95528869
43224373
46742587
29637387
96386525
46545725
77767632
99798695
65622757
28634394
35543973
68862952
44426335
78845424
55673894
29477952
29337989
22337526
37783769
85639528
49363626
94456343
37385934
67293633
49325764
82993862
29847973
59854244
47985996
45598292
44838953
69856346
49538492
54546775
67356747
78488687
62495673
49336683
22399339
73675598
94232688
78792855
86852726
89772255
43379947
26999284
64854784
98726822
83975832
46849793
47959899
38486922
73667499
65437752
57438298
95426673
33967776
44797895
88868454
78662592
97727253
92534472
82656378
35278553
53649253
27545267
34329427
78335595
22823647
98356478
67883393
62422782
47496342
79354755
73789859
77765925
83454885
49232974
76828787
38957653
35776259
46886838
29955873
59929283
32449486
84859972
26887968
52947855
75389743
73439544
46673933
52297387
69666686
69572447
79496398
46737594
85752959
88737927
22253377
27244453
73387295
27634827
56222744
89489698
49454282
29887684
95488298
57984555
96453672
56782986
37787953
84284495
85487569
58356658
25358883
94772388
23665426
38887877
43856797
98664776
44755543
68773742
56679973
59335669
78423282
95396822
74474457
82992858
89638348
39943248
36977327
22925959
83379864
49564282
37695989
96685659
48527468
36522537
38672479
77366484
56424483
64683526
36856765
48739245
78439469
22233744
69933693
48489839
63758646
65587547
57465268
54656845
28398986
88628727
36734987
49369335
35246644
45232956
39858769
29973496
43289833
38237699
75562844
72784682
44329629
23648954
49439275
87342584
52635464
94277742
98772228
57648676
27855686
98735545
55559363
37229274
84795225
88286664
96634597
52972583
65575897
34426226
37254895
93738664
82528244
27262883
96497634
39766346
64827793
78744286
79694766
26475534
47645793
59545466
73748543
24538883
76563834
45795568
33786353
23539576
96687762
56442686
22482287
28646794
88683888
64256252
39788222
83736673
64636439
24937335
98526298
76523577
38973879
24622982
92647944
77449873
75463697
56432994
69457677
93449498
43979297
38226424
27758377
49867477
43359962
97468227
84827434
35944754
66472298
58734938
89422828
42639997
96827439
33347763
68393658
68763729
62396369
43678927
74467952
94663663
23435568
56783699
23923465
92938879
22775998
73267637
26346579
45695647
23596647
73754359
76962565
53422577
38253469
47595758
77966639
83364947
67594322
45729723
29394326
44975529
52695986
32425358
94876546
33922753
43879862
42229367
39944625
67653536
29747755
97264935
53784348
53425868
76243738
53482922
73936379
77459296
27722444
68377683
98389967
39724563
95934269
77589365
26954867
73834799
66377643
54532492
84457674
39735824
86642469
22323575
26482874
88372886
43547389
43676799
38949584
56288639
94825653
42635352
37868897
92485247
79237562
42798229
87589547
35448549
88683485
69853364
42529355
69732446
27757644
77475589
32477455
76934364
93867224
46479683
49554233
65927474
94998726
65943485
56863258
94835285
46543877
98997293
75279795
62743936
48254523
89392468
98267398
89447449
98949255
38852866
82236349
64649778
84765638
47332986
55569693
67267553
72865848
38492984
94965977
94659646
77642296
54534263
54898538
53757844
46765228
74224995
76448265
88237883
74843348
43275842
97665246
44474525
92975725
58546835
84636857
59656596
96524446
69988989
26738599
78568472
28287335
52295763
29996555
49966975
34927667
86772644
86286456
42942689
44533293
27692349
36287874
34559632
43998244
55797449
23927383
35585729
86283528
89454525
56436462
23675433
77824569
69535398
84263595
88944875
52835395
26484879
86226472
97442746
99776975
63889347
66683646
46267629
28962952
32897992
45524394
52944938
68482478
25635539
89748393
32692339
76876789
33699495
99792888
97768267
92766599
83756787
32754887
43999378
93984336
59759759
56725223
47973646
78777867
58867747
58594269
65343899
36578289
74539862
26949437
39684322
72969977
25354335
45655892
38476585
33873844
29869655
99893354
43236532
28466797
58445373
32363785
87735859
98558968
34622879
33546833
58384862
24875579
62796727
43334438
99233752
92477369
54348586
23429225
64747436
28853788
44454652
38464538
33752785
96823656
93277436
27759733
93772535
84976844
85589272
75942723
93686996
65747757
35986699
29389667
68595442
75682927
95798874
56457374
25994566
53446366
53796757
87893523
66375267
58288669
39259793
67459776
87367734
26482562
84765965
97659922
73678245
54974649
28893554
94622684
26637545
64949673
35576227
59298588
33496387
47852753
97296289
74427357
95666285
78629978
55233865
99534273
43869664
56995964
97759476
43733587
38477598
62939266
35746267
79936448
47234535
46866973
32793685
67679962
33789247
66876657
22724349
35943729
83322739
64987476
99779782
46969437
95465645
28653464
46983454
73967288
32793792
66927754
38367456
77325678
79373798
27655897
97534477
97988965
94362472
67689353
62639324
78668844
76332975
68233979
53239673
24629743
92643945
35482786
66338242
44958927
89976248
89738627
23299247
99962693
24638349
88745972
34577857
67222639
47466496
29534772
62799636
84585368
84464833
42585342
59482269
97698277
88678242
27454643
63693434
45637559
37634834
22664599
67752336
78348698
38445687
23988362
97582285
88795679
97528373
32387788
52825656
66784864
63969779
26756246
77829765
84537525
89488978
24844775
84458498
79556598
54286476
55969667
23332942
45723739
26373555
82695969
59373786
67955443
85854374
27489593
97237492
86753884
26539579
52543499
98329727
22924234
48953626
97984673
63822883
57547275
75295798
35444948
76947374
76528633
99959722
33299426
94832994
94229494
24622239
99754424
24298933
32274964
78859678
58494726
37435732
23849722
32964522
37564458
56253682
98345262
26536672
73433874
28764235
25927879
66865674
49968842
55826536
35466257
98248445
68232423
45963426
34953853
32564728
94547457
37779264
44556667
43877949
78964225
92627829
26429394
97379732
65227397
63236227
54477944
82786377
98976449
43633428
43289795
97258269
56888664
39926549
67745865
25376345
35259842
39528559
96238778
89849989
98969665
59486575
35276925
58699454
93584499
57435477
54934496
32656924
64638392
39586277
86955538
69432662
57522762
77295723
72558626
84867942
43933638
74334696
95345663
92883424
95592678
88299564
58884655
38968434
57454558
98997438
33235639
69533999
82746856
82798268
75849739
68867828
62693659
99599294
65244724
26783383
93499679
64493357
24677682
44848684
62323984
95389364
86573253
23343265
39783997
94732777
87333239
35558979
82292765
52867899
79927896
76326382
85927223
35469428
75542887
22844823
94382883
97569677
78268573
96295788
23736463
47929528
49673447
38358777
34583793
57778565
48267279
24355839
39547344
77977794
98746388
42498559
96272663
28925539
35994792
96353298
48885695
62844889
99268986
23379892
43863723
74738324
26988556
77298728
74374347
76659589
25832744
75237358
28755999
97498654
79777495
69748336
55782527
94739282
78485373
56822796
57493235
29768743
27443344
94528473
34893638
42685756
46885435
68433249
67447587
68895626
94686636
59539799
29673987
68222673
26677725
95244364
83288473
55565233
47364496
33568667
97734584
65243378
68866438
28546972
75376399
34269343
22978455
57749549
24257228
48569757
56232352
54937559
49444386
78268263
37793532
45657625
97333527
25598992
66276924
32625962
24366753
34924797
26568353
82386257
82997286
59247353
84774564
64273344
93865774
29846495
99394826
77963575
95626269
64846386
29675557
62832522
77637355
66488687
32542784
44633886
89685923
78986539
63539427
68683892
34744693
54858353
85838347
55864988
92428829
37956852
97764968
65843785
99489532
23542759
43335746
28832442
75653394
46548394
96234697
53223287
29348965
33773583
33657535
34362269
37868834
32993968
93295933
38625459
34785985
46999546
59756869
36969789
82963488
42646396
26823288
58635796
43832956
58638257
37594865
42476467
93369684
87556257
62789893
58492322
34982539
37648292
48735255
66659824
83697499
93496496
89883946
68279636
86734634
57439654
36935589
95848869
53449495
79937339
78592878
43765973
83746492
64726994
46948334
43662835
56953938
89589728
74679243
53885288
22388585
69593876
68867266
39563267
58466974
49626759
54297636
32472966
32367598
67898858
64364554
46459584
74522959
87252294
62338942
43544226
27879785
34385433
63442663
84533896
86779637
97473778
73548426
96672937
47774622
56964439
45889589
87392648
53583874
69634862
37486473
75488926
75652534
84868324
86849237
44228483
68446368
55754463
78282646
96529422
87355949
47624489
97826628
78357639
33744386
55792486
62924852
53398374
54264889
88658656
42298682
46956938
24556383
97369858
59378844
62849323
59672357
67233756
78986837
62699699
68762238
88524654
32863492
32984429
56262568
85283975
68744339
23575966
96873796
79936798
68969453
89264746
24758844
93975575
75538248
56746642
74323923
24362729
79859226
32265774
97635683
45978649
26652993
99669882
52298853
69436932
56972676
49252772
33489968
63278678
84646793
36497899
52469253
39955449
35665998
72823652
99479694
99527639
74267677
42352229
49469424
56956735
78637526
33343922
39428454
53738235
63992422
45428593
89937557
57268555
53682727
35735526
34962528
46228333
83786665
39475688
75287423
37385949
78546225
55279534
69224846
78564849
35633397
45872375
46587839
58455555
85274243
98935356
66526559
44847759
43523837
79562434
93695546
92372982
67599329
42774467
95225374
24264463
47258767
26736554
86988826
77472283
53938327
37642424
83688773
97562638
57637772
92797989
59892438
55279625
42994895
74349943
57637875
58638949
73428659
24296824
88664826
33359834
39858933
68646545
42362375
47686234
74397499
73648622
98797965
73839282
42568877
72294358
99844493
39763879
67267967
54342376
65644349
93953486
42872696
34729848
44552695
47844655
87655779
97497597
78925396
84724822
28444753
85978266
99493292
83758333
88933332
23265625
99694995
26668264
35827765
22974393
24686935
38328452
72485448
27854328
76833566
28828548
45627765
33663273
94278979
99938436
36952432
75326857
62877664
34924765
86953797
32582544
98678854
95994925
99256865
27567873
83872266
89462653
42448645
87692692
43844655
93997356
32796444
58544789
43887762
72549283
84957559
55894773
32554734
48882898
24559647
27273276
93264493
67338423
29222883
97299535
55558748
96765985
42852939
45268366
68534256
29764335
24823357
34355252
25824529
87484247
45243343
75932478
67538329
38268338
38872977
74959963
93652968
75875249
73524722
62479823
74224854
98944749
53866378
37865548
63783338
84232932
38959663
95828496
92825726
63253326
93745589
79667825
33472235
34823888
59293443
62754863
56465586
25684698
23446985
99738823
62789346
34577254
56848485
94274552
66489393
68476756
58878794
94863228
76787242
28944366
45974277
45457236
27253769
42288627
49535842
55994938
44744452
76288895
92269396
29434245
82875855
74664756
95468294
88568344
93682445
66982832
57648253
73847597
85299625
23747862
62795685
65939829
76778294
28936466
75288693
46756454
56883959
35293426
55343547
68883438
67723825
33647456
92399783
97299559
68838778
35853736
23684485
55667359
86839898
29366585
68589572
88453469
88337552
43435489
65343725
94294637
29576466
94858659
36977385
25537372
28388233
85257485
65449382
67222833
22275496
59377662
47593579
47946872
47953893
32272639
64789659
58954328
68856843
86237896
94883629
89583889
22593968
63949666
29277269
46239542
93543787
75684542
74942826
67976585
34929767
48332947
22839322
73954277
42946486
69865525
69267468
22659654
26683678
72648224
62836427
36842246
23743953
58255829
56872677
77375444
94455375
34266539
49472795
47562358
79527479
42627393
26327623
67764637
54784854
44997839
27439283
23264545
86358924
79635655
69636885
62322477
62529634
89445999
77747385
89279566
54422278
66486566
29539492
59546632
98247333
36856333
77566785
75845693
69596462
23739689
56253975
32974884
42399958
86565475
44298534
73894458
69664947
66964686
86873246
84753648
97393824
63244567
58454654
84293829
52889775
49945253
39453964
48938472
49856258
78479889
38688387
92775289
97655468
79423658
89697428
49657897
63783348
94349883
78559467
53854852
38657265
29386972
86825682
64755398
93876344
33475637
76832677
75678553
53474739
65273725
27737599
74263397
52485443
82669267
24556386
22756924
86663948
75625464
85435726
98575399
27644325
56945368
44959239
55478324
86482789
64645574
57846847
63462273
54335568
74253923
84437969
88365995
59223643
76864485
67873397
55458378
45629335
55938675
68426883
27685979
87434482
46242925
73598488
84842533
34573387
28782237
82665698
33847746
64626784
73472933
83747425
72974722
26294224
68856523
66969934
55297754
35859245
69227794
43884273
84868687
22377586
29255484
28396996
55223646
25593562
49349288
58865385
73388996
64223954
34299234
58255828
45763582
37376546
34424662
36877929
44438868
33549498
73247482
24237466
52333475
66785636
44735439
48237639
75978284
62644969
58933866
98768472
83997725
95437667
29783757
47585524
37449668
92394942
28799243
43353797
84377728
99256776
33934457
64676253
44254966
42627537
77663639
99549464
46878927
56698674
67336298
58954789
99568268
49556795
54672828
84855287
86893425
83869952
59682672
92883586
92263658
23795684
67798689
33982342
23682796
94394374
48984693
47998268
69277582
65883764
33425772
55245396
99963283
45728457
35764795
33795869
24549726
77373658
95645523
47544679
67648993
78378539
46967429
36782454
45237836
78989635
74946432
49649889
47569925
95758893
52825545
74282794
86987627
77729987
29598854
25959428
97464345
68238476
88954727
66324857
25828765
57936225
66739963
29888842
92968262
52262483
27365423
29449253
55475993
97639696
35472847
34585296
22629596
59487583
95482863
56969843
52684468
24443494
52434582
88798529
65694753
52757355
22893656
72789582
49487579
78637788
84854378
99843699
32498586
38788868
23592533
79637685
64534888
76768572
48983253
43799766
36436985
66483629
77584844
65336299
87472482
25485352
96556657
69266723
37952752
94597386
28487386
92222279
36374348
75265573
45742749
76338245
99224562
24755783
88996362
52934238
33238758
53889958
98739685
32488655
86586734
24634674
97364425
63963474
58966472
36632789
62246745
86328563
65437775
55757767
46578898
85868583
58277627
58726298
38964428
45684755
34842233
88335582
72929845
28854599
45887846
35877779
88482382
46732988
52348584
59934534
26666477
86675452
87467782
25749752
93229653
37992672
62534246
79228475
59364765
34333927
68543824
93968685
57455243
69246575
39896474
63896499
45986875
96474349
48637926
89969743
34435459
24428537
44862423
26287427
33377863
86574269
32879564
66662473
32767535
64248462
55872758
48663762
96284638
58523759
73742997
89972732
97992753
39768445
42938368
22292255
32476498
32675686
56855859
52758722
69369929
25333975
57266678
22548563
78444949
27292889
77356586
69858923
47648288
89329924
92684746
68668484
38899748
27443445
23887846
97276633
89296295
25863589
49368857
93769835
74533683
54384994
72785429
77426783
99346545
76267443
52295744
94784894
94749734
85722762
35942467
57582729
86533698
99552723
35766862
79889798
97473489
23752634
86874966
48778254
46533787
55759234
54278638
24372257
72235336
66547995
99899923
29227494
33867686
87677965
64824435
88248737
53499232
47326987
57434587
82584355
78363927
73376655
89928994
52666498
84234379
53596757
29684269
75782657
44736275
85423333
44766963
38873863
98756642
26865967
63555354
95375376
26752532
62597284
36278887
62796224
79572336
72273258
93882765
47464279
76492477
24939542
77797498
36376383
76722966
54474959
22668838
75634776
36832446
96229976
87297669
89943883
67963569
26747947
48962488
54964597
25246847
52763643
36348649
85553776
26738456
96264435
58535778
44392243
22598794
58835556
95293956
74727859
66473897
36974334
29955998
45358698
73834627
25572356
97385666
25464927
23966726
56322594
44557659
77766877
95367356
95675645
92856898
53927895
87653798
97756899
66526786
95979248
99386937
72383794
93683872
93326542
77299233
76865565
25357975
48997963
38574585
57698843
82992746
93625759
27494479
97392445
49892565
38298836
68927479
94843796
54553292
27384788
45399735
33324539
98779782
94338345
66746798
56465979
99997952
56987223
46579648
47843334
78253554
82939535
47396824
53878779
36438264
73656592
77758733
63793667
46593927
87258455
85423327
42759845
84693925
36473334
96472849
66377256
88252764
25825879
48866787
67649945
73287238
85583296
98852975
24282674
83528532
29956655
92373567
38693533
76527463
57668945
93953733
93554257
85822697
55336865
54846386
65935625
42649779
27228793
82998263
69746742
65458963
32554344
95992572
77488359
46926972
58329248
44489255
55453276
87738322
84936997
92742725
64388779
53747752
43837848
98633468
57293962
54663837
85348624
87332227
39627387
36357424
97594655
49947457
86628529
72397685
56788348
48883263
86675556
27298252
43789965
86266822
84767676
62748736
64399393
49432776
77824365
26459726
78664793
48448883
35625996
74448759
39686747
23396485
75563272
43322339
23899499
28385297
96356947
97855773
92492779
73695984
45328798
55637993
38649438
35747786
67389488
22653558
78895695
77677658
76228366
33667835
62625928
88276583
24744222
22553732
42945572
35289563
89448995
89688365
92484274
39444328
97486546
59289597
79883386
67448896
29344764
36472396
25228234
32635884
45486972
27886689
76558897
48382973
99992945
78376576
36927635
87598574
65456645
76969323
44664323
86245338
63356984
75733436
94244874
24724388
84639924
63467836
95967678
38336735
93822294
38233246
29669464
74327235
68863235
34977694
53887756
26769424
92435885
72256338
22777655
62843255
34969483
33633862
23834262
76523499
28673598
53467922
48224922
68643372
92278573
72522826
44976665
86765795
78758766
38835495
78522983
97623467
39482756
22692625
28864859
89554357
24675995
67954972
53528545
25644456
36269723
94753655
82695293
87649645
54776498
27429855
75546354
95749769
54348662
82823383
25448872
42789449
25855344
63274738
54375456
98234572
96349566
77334784
89435533
63944985
85324993
59527647
98244797
97632567
53445456
36622997
84785372
76245253
35673959
87795736
33768785
98232924
82834354
48232672
95228484
87328968
65297646
55966898
66653856
42244375
82269843
42626598
78384358
64322545
25793733
98366325
87626389
98385992
84823739
23642655
36548758
25592458
63693787
48969342
24625956
95257372
55327836
56999555
27794496
25746685
77346658
27766655
64794589
85679686
45237834
48374558
77284794
23723566
32472653
99469984
37464936
65262369
73472894
49259347
99392295
47343829
69362544
35639444
77723557
45633539
44552388
47956943
43922732
38293485
22379238
29733786
83865375
46727366
73685244
97877982
89497689
55423289
97356275
78397679
48557374
59225734
73343678
57894257
76662677
93285496
54922658
56543392
48649875
96657756
48263879
54547824
36574798
24746696
77747469
72399268
69545273
73755892
28398957
27649886
76669998
78264423
75677495
79884698
36352882
65898364
43723989
92377629
32274388
52329922
72427478
59322592
64433956
99793539
76867465
52866248
58327543
77968939
27769972
52648288
24894375
62423274
36788679
64353387
56992379
32789755
46988424
27849827
79555737
97729632
96878362
97744857
69475246
55424385
86697967
43477865
92698922
26942496
45495533
25879572
94367244
36488235
27768678
55558537
98442259
24999984
94688899
62633482
53589336
58727775
33639957
49954832
24738539
59567696
77734592
52633594
55635672
84892932
79629772
42744933
24687922
93955248
98376458
76528722
43456572
47787632
65563368
59894783
97999944
57456687
49677247
57326388
58633344
59922555
42949558
67245439
54636888
32339934
97763772
85397894
32485795
74223942
92878839
75569324
42639395
32287539
75259238
96289975
87655438
68455635
77855539
68534939
26383632
22883589
29976665
38767595
26835753
49939499
95974966
75549785
73324387
48788745
85798692
49979559
67887664
24679273
57875278
75944443
39559587
89466752
69934576
84949296
27889577
45997859
39286966
92684294
63482864
72458946
66397863
94635275
59843793
94346378
28852337
22954682
64394652
24855748
82752972
57635979
38867367
47997374
65955942
94564978
48552764
58682997
63948977
99525967
43998546
74249339
82634969
37373339
63487939
82932555
94628348
49847753
27836573
33632438
37666289
22996739
35655693
44463867
38486566
55982728
54952856
95787456
72629999
33726393
92523456
43545738
66543762
53667369
33987446
89878882
92789235
52546465
74735555
79398397
76274645
43835738
54585458
72653467
29858987
94598394
76469925
89367787
37342446
86353297
49879437
25425542
26446853
29974947
62873322
28429975
84744996
52924245
22763436
27599597
33433855
96987646
69325999
92234929
33685294
85866847
66665376
45353693
49272446
47525966
94378345
32666364
46234758
84988227
94492476
64336352
68529596
88273282
75726535
64777579
73976258
37993974
53539623
58536759
95533459
57336996
52693577
29473669
75853294
68754262
34885767
23522229
29526967
39388457
65847527
59792657
83925864
32222695
24885944
55644734
58557686
46634625
87536756
97738593
86273586
25334724
83575923
87874739
78956288
63645657
38848527
74655774
26379323
73646623
73282979
28349239
29923897
63929459
62785227
84793556
47229739
25679399
65275978
93693665
46229489
63746642
47367938
49655962
23842286
39883297
79966397
39524742
54639823
93857743
88578834
28824577
38239267
94998845
74635324
72952443
37627928
94278496
78766593
25226428
92343874
22829276
47546849
34535335
95468372
76743632
87267582
34354547
94856367
56594247
54889689
76654656
42627345
84886358
92383383
34555534
37585392
77247948
79792884
64873766
26363535
79448238
74574448
68527757
86992758
86987387
32744593
58922242
72544796
67965684
42998983
29962466
37758568
75784847
93254479
94655343
89994568
93282869
52792674
84357356
62853366
64237864
58582767
59737746
87476738
58866766
67777445
77228486
57357897
67348543
32989877
48285765
75995842
34265298
76583369
58538954
64269772
82337922
64566498
64834623
57223443
47274634
44646338
79324966
88923346
97899979
58829873
53524989
24859774
65434794
35849527
97662985
72254768
66779676
86877829
58659276
87582855
27272672
94573534
57394996
98684885
29648942
78859724
94833635
69249885
77667252
89439722
22752658
62852883
63532748
52923795
52364952
65569367
62822822
67942926
55847546
88865463
52965945
34488334
69434293
74667266
57792934
76925567
78775657
48457565
44525496
59844259
98845966
96647944
84366278
66245544
67934746
99858287
89789997
83763685
35778528
67776657
77976744
89829876
92546974
73594794
86392437
95789437
33862249
45549587
32758727
84489746
44723534
33398596
94534658
48776323
36326225
38592795
96833562
58979574
65299995
63355279
46584754
95969474
35857257
49938858
36452262
34458448
57786943
88289468
28497953
47952277
92756544
73796678
84423268
27497536
64699993
29847793
32988335
72595892
33792728
98282397
79545969
74956774
94884942
35483647
65736536
68245777
48942522
37554685
88345397
36834267
68876986
32446257
39486438
22823849
93879843
46824266
57998699
67733366
32277428
43787524
33556767
55932696
47375627
77566778
75973559
85696728
84882646
69464454
22886543
56463686
85249363
93825429
96296239
43273445
88278435
22988937
53242592
39887634
85732448
58842396
77966958
64589873
78873885
73957573
42392385
69886969
96574626
84744853
34544673
55587995
56376435
46355363
26324329
54962762
68479854
65422247
24725943
53426695
83466257
33425285
28934537
37972423
26928456
94366584
88633362
93769327
34852852
54387277
99289499
84748325
44863445
69228827
46986754
95869796
28337944
86886737
79752259
65428799
78778636
82322976
47293678
36942229
67792273
72628354
27282698
27354425
76563876
28428992
64543928
68886725
83466567
88994327
35438953
25363984
62657655
68872433
39365879
96877596
39482759
22696228
47385336
25595467
99529656
28343437
38832358
76729242
86939249
26464342
66732742
99777398
93842424
48266425
82432743
66299346
85725285
67957249
66484892
85479622
29643548
73578637
99333994
26642928
97752383
55373546
65795532
84489875
68489733
49632986
47332258
27946929
86352759
39828587
33798966
62295294
78835489
37653568
68272935
85892775
98866598
47652754
74298265
89347924
98276625
54274353
33994546
95675748
94797866
96897732
38822688
37578757
86642996
45293778
35434985
75762922
82528592
74889437
38638693
29483974
63373826
82653988
64849536
66828478
78725954
84467992
78887472
27243338
62725227
52972274
25968869
82697249
33339536
68948558
59426436
88759347
66496378
54969736
67276764
78889425
22427889
46437346
68326678
88446259
96587324
56367466
55996384
78232529
75952996
27827938
67586548
54924262
25268363
87789577
47386429
93958925
28295663
53772952
99246225
89346849
66225878
73756544
23269787
24533564
55292598
39799544
99438865
94582956
25627368
36455428
58392748
28548673
65424636
84255948
95284774
55967338
46627647
83645862
76477584
85833298
88292864
37734953
22768859
42779752
28258529
53897646
69798678
66394637
85582864
52338298
42478664
36597929
69597957
83978954
53833492
37243433
62924334
68887427
28834347
78783656
37835336
23374849
47373475
23994672
87637468
83979622
28373442
28496942
22448334
87862982
45445998
84562646
58822995
58866577
99284273
79286357
55475952
86653584
87537966
48863887
37639572
34653939
83579856
25643932
76676533
72823358
54864346
89983647
82965774
34795369
28467563
69645654
39898225
97329365
37985949
76486397
28624483
88572689
95523526
76672873
86483349
47573472
72977897
66462835
24582286
83395572
59637299
73824865
65535459
67244793
52934527
77565983
56696382
62878258
63438736
49347297
73696966
43576278
92747245
38685463
68964869
25958735
95347368
65599522
48525223
24789556
99353965
83978694
23382422
33758742
68623333
22264439
45945672
98379857
89827443
88797894
76588764
36526969
97654459
84962588
25433546
86539925
24946245
38328239
56599825
77488362
94332996
76365522
22727735
65732638
98587484
72598259
42479777
98762354
52968637
72482262
79293734
33798948
79955748
24595398
89453628
38358856
99259433
48636726
88732522
96937528
68428622
53732945
22382254
73529927
74743665
93928473
46532558
26483287
79795635
63673874
69769784
85262755
95457856
24448362
36772784
79556798
94998534
72525353
22769656
34894928
99354747
54497537
26772253
83324642
88723996
27244592
99658659
62445626
28829558
79758887
39624526
68336298
83992983
93736238
59475849
47525893
58334336
28452775
43353445
35755984
75786833
32938625
95626285
46479362
33346689
26436957
77276588
42253359
27653252
86444874
62324824
78822938
38686564
25979253
66993838
47783674
34497689
46869696
26695828
33797953
56299256
89837844
74373839
64323736
54779939
67273538
68357226
43388278
58599247
43468956
52597574
39658262
39345453
36854338
63847636
38927486
63739987
23474985
77278355
79563643
46445252
93329733
44678475
54833932
24938433
89653968
38356367
45537675
43965834
38589573
69682722
95589296
24848458
32763573
77696359
97864683
75264755
39553473
52638543
48529865
67362978
36339336
62988935
45284576
39853587
57394759
88973657
66274365
98583876
46923776
68877258
28423398
43695789
95576642
96626847
38244538
23277487
53645477
26649988
65624999
87543785
54276695
89548968
78652236
35956862
43772643
62544253
33323268
66826489
25684854
38538248
23339895
23722579
33935639
32738534
59748464
66244484
48655884
65558622
73292465
75364438
93986896
44933994
44585548
96382734
72796532
99349563
74376467
74947582
62952264
46982745
63724836
85695535
89458656
59329874
89683938
64435695
35884342
44629545
32822792
27265735
84535478
96676895
24985632
39776344
86366954
34649478
56253544
79284885
98757892
34479462
72595399
28924855
56566976
62326228
28594583
87727787
63869274
25766455
29247336
44537637
79688896
69339262
67966272
46263334
44858727
42678562
83795537
65585946
75936553
26995682
29524747
84824796
84585978
96784297
53655237
53758475
52727236
62545482
85756552
34879524
23943586
84449876
64333577
86339749
97595734
59925243
36678948
45488723
96449575
34352935
69496364
23594522
58235597
73485823
59363387
96752398
97532556
85383742
32886994
34232523
85477299
82478269
35547732
54488575
39349854
52873535
78699727
88938426
25995898
97824528
22687864
45462367
23643955
89759294
44545247
84525253
75866243
96953447
36886434
37594459
45426652
48974825
34675639
95895223
97566998
59399274
92627255
76964357
69469344
77783363
48533524
36275323
46748669
94326482
64353767
29486823
79869279
29855487
23248869
37255832
86734763
98583247
86745538
97798239
74696299
58469422
66675369
38738952
47732942
89636546
26277647
82944425
34852734
66688837
34433524
87786773
97486765
54794678
23844628
93849565
72926957
76893389
23299759
38466433
96647742
52683677
45637428
36493589
53742523
28674652
52325565
65252288
25354684
34369856
87839426
25394434
83589477
49894427
63544694
94263565
79274246
88877848
86873727
94959562
36648572
63445644
56895755
73475486
45498657
64342297
55948824
48578282
35586595
77696777
69577432
82666325
95332485
82396583
24936792
78896489
32332334
24489955
67848799
47727937
89289254
52563476
72272855
74375623
52687398
67737955
92647785
39296936
34644878
38736795
24288238
44289574
67456275
49698595
66323324
47433539
39924326
29222383
36992488
58669822
48778745
69299788
83633949
92354565
85799882
35836336
25546992
94249758
24977777
76943279
23628526
36465628
92723482
74654524
46444259
84656845
92552592
46585722
58243332
98222273
89349928
62656873
39878649
97623944
53239572
94549597
53696985
63985678
53877976
93837468
44546962
48444692
65776563
45264484
67278683
44863725
29649268
78959325
92933885
35445746
23822749
92935725
88596294
29669478
89425734
37445969
67792775
32383398
78695622
82497775
84552538
26869449
66656757
36739448
87523582
45752374
66736926
98496473
57948274
78764367
29883749
86279834
44654675
36857344
37236469
88467366
59827465
54965427
36782693
87254758
84694736
63822843
95648639
84448296
27528454
26527836
22333847
33542852
29989768
63489457
78974259
76423228
76487892
84884486
54725674
68484695
36529386
93387744
43454778
32949425
67762452
35697779
47945865
92538883
37982487
24767998
55784958
52556928
54869553
83684389
85986469
56256339
53263334
94885867
63598446
74765838
68443723
35486322
96779666
97587793
74845297
32396926
67675357
98859984
38238552
89237849
82599897
43586878
28975289
89234596
72426494
97867973
48876678
92849465
67575642
47364536
49262829
65336824
98992643
63974677
53492628
78892756
66277377
55663638
27342329
72337662
89457972
54272555
46935926
75297389
97299624
89837225
46398722
89243825
42322445
69267827
45293772
89362224
43379367
75237327
68887485
56753868
82474648
65328585
29446623
56266442
36963659
75295235
67454797
45656843
24655624
58627634
52852563
59863455
35756783
26827599
75994573
67832853
95968278
46355882
73344392
75378599
58346788
37549452
92536653
94947426
46249223
37997354
97388432
98497579
88546478
97782256
73767929
84872835
69535299
95848266
66768267
24452923
47236398
37998958
93678855
96945962
36952976
66236929
45997853
54984793
77275875
93548334
49887927
49287356
48452995
68456636
33347347
67946788
99426755
65865248
24687248
96724649
46779247
27776694
79777849
54988258
39896548
46584336
56965538
72776996
55469965
27672623
48577543
42888849
74296345
69665565
65366446
59836749
63388344
73265369
83595956
29747558
85454329
84255798
65424784
78737593
29233979
26423424
28756628
37944593
75343323
44496296
67369325
37578778
46556769
76663668
73836573
45339345
52987967
53422668
22965775
94486423
94733966
35459345
24562649
75377548
63565432
29666633
56639344
39672792
92999477
83695278
77244953
53576364
66724999
36866795
59955572
24428643
74245252
73992332
97262248
68879275
99752296
64495754
32394694
62753658
27887787
57698648
48925766
65446499
55992256
94455998
64534939
96777357
64779693
29676624
72993835
37565757
35757462
44327465
76589643
25753444
23482844
36457852
73425343
68496627
79276454
52424894
86252555
38235587
53293589
94824973
75665228
56692829
77524943
28926733
89366423
23287889
98834892
27297782
72347458
76473259
64362292
73876869
44845743
53863722
67866952
29969465
87979958
67797247
92984453
54257298
23384356
59929599
64855585
59999794
28298324
36354765
92266538
72662258
67874893
32755265
93379595
47292244
37622254
52788849
55889943
49526848
56262662
49284266
84689282
47296498
58459883
86472883
67868566
24383384
66275695
74594377
56247225
54674623
74863294
65397968
97896637
79349552
34375948
69363949
76779822
26337477
76674284
49249866
38569378
63953566
34894833
54445766
29836527
39286744
66458463
32423997
55893827
32484237
24336538
26594726
26792979
36383234
93349456
92375869
94263347
36425753
49277364
95279252
44984922
53849969
33339597
75469589
92424972
83454485
58984348
24656586
99594623
36473862
46642549
34258256
86354254
22955645
59365965
28576764
54773945
42654262
65477794
97347643
93935274
99338627
85226624
67764596
93838583
54233887
79888637
85662225
24432245
59375478
37739968
28527782
95772747
45782759
76994559
96859923
65498979
29234262
53727338
76749768
98266862
74729477
83795638
37874436
58999645
88926444
75866426
32754337
56224974
56962648
34438253
59955948
48538454
67954397
84482997
45268845
98372566
95926326
47287528
75632445
29826766
89427392
76258443
39575682
26722882
73575527
58353596
22364375
45796239
26369755
57537977
72226474
54537645
23633933
69537864
28756993
78837632
82686826
95376626
87732845
58565324
76967852
68689574
25894729
86289829
89985978
42287798
78925433
65464838
44932829
93762727
63324523
59275399
86793899
72295453
33946427
93664946
35469426
67666363
78779859
43488373
72345442
63659842
96489872
87728973
34935788
75469665
73442864
59234824
25765348
35697443
53653752
97699476
23766524
94374973
73656765
75989487
24725429
44333344
82553287
24574267
33635834
88253432
96532866
62894474
76576843
62346434
66272244
95976889
66325748
82295795
47699555
82965376
27949667
67785463
57559243
65294348
26772523
39644794
59364255
25743476
24733685
57954834
58437262
88899893
24397776
76385743
55966742
22499564
68663723
39888247
46499533
33372972
59634938
49669493
67264635
94725728
65357596
34963252
87827926
69546658
48998546
99675377
85989389
25639777
65566783
49326326
76677377
86346978
57237996
38293659
55428359
39892468
88739759
94587243
49995643
46443738
44349795
47369784
82794555
95635446
44662488
53572386
49862685
66725372
64564682
52622396
85356593
33383425
23355985
63377664
68366598
22996378
38327245
69559975
26938299
75957667
98667762
47578974
83583743
55682323
85629743
52442764
29895562
54758658
26382457
53734847
63958533
28828698
46793296
68959959
94577949
66656977
37772232
46226385
58242774
44732264
74483323
76382543
95545434
46734634
59222796
65262395
86797339
95685228
43985344
55292746
46526289
78972538
28252735
24627266
86357945
22985522
76957878
96594577
86229849
94676652
86757677
23982559
99664556
29266357
57394395
73946575
26332337
86368478
52768979
29522488
33668773
87984423
52483787
44454358
72738958
45324455
92564748
84599869
47362646
58834353
76538997
52982885
79998687
42542293
79834979
69357225
38579577
43825878
32742493
84885327
64947828
94447637
43777854
49683273
65465648
64339774
72363989
72229592
27648454
97288637
85482835
32857849
39854528
54295788
48269998
56485439
76376665
36959229
28678879
96987424
58687594
36222423
59275296
45323249
72764344
64624695
84552728
26264459
53892495
65248635
54845284
25782945
69825833
55884649
76639334
72388294
48456784
38525776
35528964
47344734
68888594
99387739
82448357
89699268
38665539
49653274
35622947
58729652
93548775
72429797
52223667
26979952
75976598
62735764
46646239
99783833
68798895
59566837
55283574
83658436
96439274
24782996
97955323
46736794
22963628
79846684
83534455
88669832
92399767
78668779
24946725
98552248
73259856
98343463
68422334
53733389
44837332
33226356
93798864
29937879
52296834
77567292
85642688
68876353
26497492
38849849
73673734
36992842
74827534
33825252
68436769
84374566
25346573
45653744
64496474
79397273
96779892
88723979
56233249
24868336
56488638
26434248
94962533
25663479
83864646
89624254
92552883
89827567
37733876
44769983
22732225
78566732
88639237
94637845
88323888
57668857
34924648
33257229
92755289
35286776
54433274
92794922
44377538
28267679
45883873
24787494
67867754
64356756
47382589
57864628
58345776
34246993
64675879
94622935
93342788
55753443
54392874
77726492
25892983
42569775
66946569
59733289
69832374
83979442
82784429
45535646
52276833
85456382
49986568
36464969
53452529
93824789
82677335
28772562
69348224
42555892
22343442
69995346
89389689
56946589
86395985
59634636
52629895
69352284
52423588
93269249
43832264
34969934
85363368
27548489
79692854
29437966
57476653
26248763
37523928
27457996
28594579
33248483
52658623
55789397
23385427
25237366
53962224
94229845
44335886
89232867
44493452
24495483
82799767
55584528
27829449
95674586
79677342
26286555
97774397
94829295
62575849
56828323
73793988
26597265
56534225
26859282
48245373
24923757
44858947
35234928
72784228
65455495
55636336
25766578
85736995
66597854
42832944
79324576
24989877
32925989
95537669
26476952
85876997
75467242
89695665
96642752
26483867
92879468
79838364
23288326
39234432
52475255
86823938
44643657
85276327
43947983
55984539
45868752
29485762
83463532
36946837
76688953
89698839
56732242
52789256
65549494
58699368
85428938
48868737
74892768
25852599
55964328
74465638
44965284
48846424
54894383
56529395
34269252
55432468
27485383
84667296
66353962
94269887
47688986
63527583
36363472
66463885
88687835
33633663
58856349
29685556
29386889
87593346
69474246
98839984
43779655
43627642
73295283
82598853
44243668
36862239
96443267
52837889
86364855
24757792
48583249
38866827
43387859
85897686
59546584
55748582
48243452
38356356
47683223
24352396
92883665
43384387
86938326
64365493
27233282
23273363
75784397
66869785
89723584
45327686
48573666
74453986
86558483
92566282
38222754
29399576
29594737
84975753
89777867
95224375
28922956
78774277
52378933
49882859
69834474
32436336
52782363
38579634
88643429
84222946
94657565
89665499
82829536
82826423
34439273
66848927
35594394
69544664
96378424
62873978
75785893
54228489
36432338
59275359
72497853
57473872
55439577
65282789
58883498
86473266
33463348
67853789
76375282
22854965
29843453
62836282
95672724
84535879
93623236
43423795
25552454
74932259
96223679
97363772
82538564
79473458
59827333
37424784
98274346
76573756
34782866
83567678
89494374
27959998
98856786
56756875
97942739
79598632
23775463
53697683
38527257
25384349
87777564
79289884
35846238
82635477
95599977
99989266
85833295
69225335
88358894
73597535
25438583
22862784
32682268
97876595
24286329
33324663
62769747
29834895
25289262
58544248
33675284
78546833
83472394
66845374
56572248
47368778
73996257
62539375
24444449
88663674
86258954
66757326
32777842
75627492
39672758
49378223
96343555
93732238
85892456
85482527
66272637
57679798
54328635
62249259
58554976
42778676
66533673
74372482
33457959
23588468
37249288
57733428
32294377
95244898
37354553
76384558
87674352
82547233
32594554
76455663
22447582
93868335
34462544
39262664
62492557
63232924
66735474
83988584
84969689
32533567
42624875
42438989
56299874
78676444
99232753
63763268
69328687
95263427
99779674
34247856
28428736
95258824
72628232
29746637
36478554
44764686
98964732
45286897
45456697
54547998
84975828
42529238
98823326
62764724
35782867
94533398
23733927
72358965
95675642
42768769
99633723
27832932
44945959
35752589
27955265
72323343
65639753
97637426
88622985
93474699
93829638
93293247
48775675
94384597
76365687
55746633
52297638
23472528
46388976
97938888
64755498
96642637
44853369
83378482
42899759
98787467
49652452
52575455
93884955
88246742
68435888
89636762
86576768
55262246
88453353
33863423
74443445
32862588
92953547
58833584
78396585
22524966
69736963
53947787
93287332
74574852
57622928
38849442
83326527
74962794
99395846
27785279
78542769
65243939
43787959
85696895
42397397
47699286
89486396
49586642
32659983
94538466
22553349
45833455
89863373
52388436
99724739
43564725
45262362
38246522
79645679
86794872
88976438
49448449
58227758
97484285
93278564
73537733
46494876
58324949
58559768
26988297
48472799
39665728
76335849
43685432
89772969
29426296
92633536
46744729
26496736
87924647
54524428
52962292
54899922
85472746
63228593
29259458
54434238
36689579
68552988
87579432
95385933
78639232
62698345
55596325
55862556
44853854
29895385
69355228
69727347
44696536
55457337
63432478
54675687
65846666
95828467
63336563
75246498
48835795
32646248
56676589
82625573
54762953
35455572
73929329
78963733
82877566
77827749
65927476
54482489
89254624
48486569
39226336
56542792
42632443
85624242
93758766
37928322
89367245
93444525
37263243
24888529
25245948
94978542
73735322
87887742
22926687
46863877
29978897
66497965
48336889
66424983
29375535
33254664
76497484
58969956
49859547
69567959
72885477
32629772
88387353
98542327
59223976
78762269
52886474
63737235
98549756
88973627
89732484
87452293
76492464
24953396
96633739
92523629
47936578
83444479
25769583
45688637
44974539
66867954
69877868
84369725
35254998
64354988
74323663
78692645
86248664
66995943
66436292
54958795
97769639
79384757
33943295
66459728
53967939
84889435
34326448
55729828
96223344
72238438
28279285
67648559
87796535
64594928
44578584
29278274
34593355
27928348
58548598
29879439
57453485
89628593
85494295
84646434
52422623
55995635
86597779
69273388
35569795
63973458
29688657
68882732
97647925
64674875
73787938
94422229
64457594
62225982
66866867
73598385
35597467
54643773
56535368
59428265
52426838
66723934
39968684
99375474
56834497
69669682
42493863
48853888
34658638
52242568
32962586
28338544
75674372
36659366
25434259
26479395
49954784
62978998
57989652
76579727
53796399
48889623
64786764
93854548
72265675
28883748
95238835
74364383
92354442
86352367
89777285
35634547
73629823
36342582
89525336
37359734
22386348
72533267
77384887
43962537
49336622
36566867
62534595
24396777
67822565
79378298
74877626
86529268
58667455
82684976
33975522
57334985
96823284
38595747
36679636
53858774
67579568
73728862
97536675
87367633
58948775
57768844
45364435
76937598
92893864
53427293
98554762
46795922
64876269
77344388
86442667
97757964
83526266
96858462
57633254
59464362
53569235
53797366
34748698
95769454
54746252
65666226
52937433
53928568
54336238
48622657
69342785
49777448
48734427
77322472
24854656
42279787
32836534
87249662
75335758
26522924
56337447
77247626
64448933
27733575
24524825
